Joshua Liu
105136031
CS 32
Homework 5

1)

                                                         50

                          20                                                       60

           10                          40                                                     70

                 15               30                                              65                     80

                              25           39                                                          71
                                                                                                        


1b.
in-order: 10 15 20 25 30 39 40 50 60 65 70 71 80
pre-order: 50 20 10 15 40 30 25 39 60 70 65 80 71
post-order: 15 10 25 39 30 40 20 65 71 80 70 60 50





